#
   0.000  6371.000  3667.800d0  11262.20d0
   6.824  6364.176  3667.790d0  11262.20d0
  13.648  6357.352  3667.780d0  11262.18d0
  20.472  6350.528  3667.750d0  11262.14d0
  27.296  6343.704  3667.720d0  11262.09d0
  34.120  6336.880  3667.670d0  11262.02d0
  40.944  6330.056  3667.620d0  11261.94d0
  47.768  6323.232  3667.550d0  11261.85d0
  54.592  6316.408  3667.470d0  11261.74d0
  61.416  6309.584  3667.390d0  11261.61d0
  68.240  6302.760  3667.290d0  11261.47d0
  75.064  6295.936  3667.180d0  11261.32d0
  81.888  6289.112  3667.060d0  11261.15d0
  88.712  6282.288  3666.940d0  11260.97d0
  95.536  6275.464  3666.800d0  11260.77d0
 102.360  6268.640  3666.650d0  11260.56d0
 109.184  6261.816  3666.490d0  11260.34d0
 116.007  6254.993  3666.320d0  11260.09d0
 122.831  6248.169  3666.150d0  11259.84d0
 129.655  6241.345  3665.960d0  11259.57d0
 136.479  6234.521  3665.760d0  11259.28d0
 143.303  6227.697  3665.550d0  11258.99d0
 150.127  6220.873  3665.330d0  11258.67d0
 156.951  6214.049  3665.100d0  11258.34d0
 163.775  6207.225  3664.860d0  11258.00d0
 170.599  6200.401  3664.610d0  11257.64d0
 177.423  6193.577  3664.350d0  11257.27d0
 184.247  6186.753  3664.080d0  11256.88d0
 191.071  6179.929  3663.800d0  11256.48d0
 197.895  6173.105  3663.510d0  11256.06d0
 204.719  6166.281  3663.210d0  11255.63d0
 211.543  6159.457  3662.900d0  11255.19d0
 218.367  6152.633  3662.570d0  11254.73d0
 225.191  6145.809  3662.240d0  11254.25d0
 232.015  6138.985  3661.900d0  11253.76d0
 238.839  6132.161  3661.550d0  11253.26d0
 245.663  6125.337  3661.190d0  11252.74d0
 252.487  6118.513  3660.810d0  11252.21d0
 259.311  6111.689  3660.430d0  11251.66d0
 266.135  6104.865  3660.040d0  11251.10d0
 272.959  6098.041  3659.640d0  11250.52d0
 279.783  6091.217  3659.220d0  11249.93d0
 286.607  6084.393  3658.800d0  11249.33d0
 293.431  6077.569  3658.360d0  11248.71d0
 300.255  6070.745  3657.920d0  11248.07d0
 307.079  6063.921  3657.470d0  11247.42d0
 313.903  6057.097  3657.000d0  11246.76d0
 320.727  6050.273  3656.530d0  11246.08d0
 327.551  6043.449  3656.040d0  11245.38d0
 334.375  6036.625  3655.550d0  11244.67d0
 341.199  6029.801  3655.040d0  11243.95d0
 348.022  6022.978  3654.530d0  11243.21d0
 354.846  6016.154  3654.000d0  11242.46d0
 361.670  6009.330  3653.470d0  11241.70d0
 368.494  6002.506  3652.920d0  11240.91d0
 375.318  5995.682  3652.360d0  11240.12d0
 382.142  5988.858  3651.800d0  11239.31d0
 388.966  5982.034  3651.220d0  11238.48d0
 395.790  5975.210  3650.630d0  11237.64d0
 402.614  5968.386  3650.040d0  11236.79d0
 409.438  5961.562  3649.430d0  11235.92d0
 416.262  5954.738  3648.810d0  11235.04d0
 423.086  5947.914  3648.190d0  11234.14d0
 429.910  5941.090  3647.550d0  11233.23d0
 436.734  5934.266  3646.900d0  11232.30d0
 443.558  5927.442  3646.240d0  11231.36d0
 450.382  5920.618  3645.570d0  11230.40d0
 457.206  5913.794  3644.890d0  11229.43d0
 464.030  5906.970  3644.210d0  11228.44d0
 470.854  5900.146  3643.510d0  11227.44d0
 477.678  5893.322  3642.800d0  11226.43d0
 484.502  5886.498  3642.080d0  11225.40d0
 491.326  5879.674  3641.350d0  11224.36d0
 498.150  5872.850  3640.610d0  11223.30d0
 504.974  5866.026  3639.860d0  11222.22d0
 511.798  5859.202  3639.100d0  11221.14d0
 518.622  5852.378  3638.330d0  11220.03d0
 525.446  5845.554  3637.550d0  11218.92d0
 532.270  5838.730  3636.760d0  11217.78d0
 539.094  5831.906  3635.960d0  11216.64d0
 545.918  5825.082  3635.140d0  11215.48d0
 552.742  5818.258  3634.320d0  11214.30d0
 559.566  5811.434  3633.490d0  11213.11d0
 566.390  5804.610  3632.650d0  11211.91d0
 573.214  5797.786  3631.800d0  11210.69d0
 580.037  5790.963  3630.930d0  11209.45d0
 586.861  5784.139  3630.060d0  11208.21d0
 593.685  5777.315  3629.180d0  11206.94d0
 600.509  5770.491  3628.290d0  11205.67d0
 607.333  5763.667  3627.380d0  11204.37d0
 614.157  5756.843  3626.470d0  11203.07d0
 620.981  5750.019  3625.550d0  11201.74d0
 627.805  5743.195  3624.610d0  11200.41d0
 634.629  5736.371  3623.670d0  11199.06d0
 641.453  5729.547  3622.710d0  11197.69d0
 648.277  5722.723  3621.750d0  11196.31d0
 655.101  5715.899  3620.780d0  11194.92d0
 661.925  5709.075  3619.790d0  11193.51d0
 668.749  5702.251  3618.800d0  11192.09d0
 675.573  5695.427  3617.790d0  11190.65d0
 682.397  5688.603  3616.780d0  11189.19d0
 689.221  5681.779  3615.750d0  11187.73d0
 696.045  5674.955  3614.710d0  11186.24d0
 702.869  5668.131  3613.670d0  11184.75d0
 709.693  5661.307  3612.610d0  11183.24d0
 716.517  5654.483  3611.550d0  11181.71d0
 723.341  5647.659  3610.470d0  11180.17d0
 730.165  5640.835  3609.380d0  11178.61d0
 736.989  5634.011  3608.280d0  11177.04d0
 743.813  5627.187  3607.180d0  11175.46d0
 750.637  5620.363  3606.060d0  11173.86d0
 757.461  5613.539  3604.930d0  11172.25d0
 764.285  5606.715  3603.790d0  11170.62d0
 771.109  5599.891  3602.650d0  11168.98d0
 777.933  5593.067  3601.490d0  11167.32d0
 784.757  5586.243  3600.320d0  11165.65d0
 791.581  5579.419  3599.140d0  11163.96d0
 798.405  5572.595  3597.950d0  11162.26d0
 805.229  5565.771  3596.750d0  11160.54d0
 812.052  5558.948  3595.540d0  11158.81d0
 818.876  5552.124  3594.320d0  11157.07d0
 825.700  5545.300  3593.100d0  11155.31d0
 832.524  5538.476  3591.860d0  11153.54d0
 839.348  5531.652  3590.610d0  11151.75d0
 846.172  5524.828  3589.340d0  11149.94d0
 852.996  5518.004  3588.070d0  11148.13d0
 859.820  5511.180  3586.790d0  11146.29d0
 866.644  5504.356  3585.500d0  11144.45d0
 873.468  5497.532  3584.200d0  11142.58d0
 880.292  5490.708  3582.890d0  11140.71d0
 887.116  5483.884  3581.570d0  11138.82d0
 893.940  5477.060  3580.240d0  11136.91d0
 900.764  5470.236  3578.900d0  11134.99d0
 907.588  5463.412  3577.540d0  11133.06d0
 914.412  5456.588  3576.180d0  11131.11d0
 921.236  5449.764  3574.810d0  11129.14d0
 928.060  5442.940  3573.430d0  11127.16d0
 934.884  5436.116  3572.030d0  11125.17d0
 941.708  5429.292  3570.630d0  11123.16d0
 948.532  5422.468  3569.220d0  11121.14d0
 955.356  5415.644  3567.790d0  11119.10d0
 962.180  5408.820  3566.360d0  11117.05d0
 969.004  5401.996  3564.910d0  11114.99d0
 975.828  5395.172  3563.460d0  11112.90d0
 982.652  5388.348  3562.000d0  11110.81d0
 989.476  5381.524  3560.520d0  11108.70d0
 996.300  5374.700  3559.040d0  11106.57d0
1003.124  5367.876  3557.540d0  11104.44d0
1009.948  5361.052  3556.040d0  11102.28d0
1016.772  5354.228  3554.520d0  11100.11d0
1023.596  5347.404  3553.000d0  11097.93d0
1030.420  5340.580  3551.460d0  11095.73d0
1037.244  5333.756  3549.910d0  11093.52d0
1044.067  5326.933  3548.360d0  11091.29d0
1050.891  5320.109  3546.790d0  11089.05d0
1057.715  5313.285  3545.210d0  11086.80d0
1064.539  5306.461  3543.630d0  11084.53d0
1071.363  5299.637  3542.030d0  11082.24d0
1078.187  5292.813  3540.420d0  11079.94d0
1085.011  5285.989  3538.810d0  11077.63d0
1091.835  5279.165  3537.180d0  11075.30d0
1098.659  5272.341  3535.540d0  11072.95d0
1105.483  5265.517  3533.890d0  11070.59d0
1112.307  5258.693  3532.230d0  11068.22d0
1119.131  5251.869  3530.570d0  11065.83d0
1125.955  5245.045  3528.890d0  11063.43d0
1132.779  5238.221  3527.200d0  11061.02d0
1139.603  5231.397  3525.500d0  11058.58d0
1146.427  5224.573  3523.790d0  11056.14d0
1153.251  5217.749  3522.070d0  11053.68d0
1160.075  5210.925  3520.340d0  11051.20d0
1166.899  5204.101  3518.600d0  11048.71d0
1173.723  5197.277  3516.850d0  11046.21d0
1180.547  5190.453  3515.090d0  11043.69d0
1187.371  5183.629  3513.320d0  11041.16d0
1194.195  5176.805  3511.540d0  11038.61d0
1201.019  5169.981  3509.750d0  11036.05d0
1207.843  5163.157  3507.950d0  11033.47d0
1214.667  5156.333  3506.130d0  11030.88d0
1221.491  5149.509  3504.310d0  11028.27d0
1221.491  5149.509     0.000d0  10355.69d0
1234.250  5136.750     0.000d0  10348.28d0
1247.010  5123.990     0.000d0  10340.85d0
1259.770  5111.230     0.000d0  10333.39d0
1272.530  5098.470     0.000d0  10325.91d0
1285.289  5085.711     0.000d0  10318.40d0
1298.049  5072.951     0.000d0  10310.87d0
1310.809  5060.191     0.000d0  10303.30d0
1323.568  5047.432     0.000d0  10295.71d0
1336.328  5034.672     0.000d0  10288.09d0
1349.088  5021.912     0.000d0  10280.44d0
1361.847  5009.153     0.000d0  10272.76d0
1374.607  4996.393     0.000d0  10265.04d0
1387.367  4983.633     0.000d0  10257.30d0
1400.127  4970.873     0.000d0  10249.52d0
1412.886  4958.114     0.000d0  10241.71d0
1425.646  4945.354     0.000d0  10233.86d0
1438.406  4932.594     0.000d0  10225.98d0
1451.165  4919.835     0.000d0  10218.06d0
1463.925  4907.075     0.000d0  10210.11d0
1476.685  4894.315     0.000d0  10202.12d0
1489.444  4881.556     0.000d0  10194.10d0
1502.204  4868.796     0.000d0  10186.04d0
1514.964  4856.036     0.000d0  10177.94d0
1527.724  4843.276     0.000d0  10169.79d0
1540.483  4830.517     0.000d0  10161.61d0
1553.243  4817.757     0.000d0  10153.39d0
1566.003  4804.997     0.000d0  10145.13d0
1578.762  4792.238     0.000d0  10136.83d0
1591.522  4779.478     0.000d0  10128.48d0
1604.282  4766.718     0.000d0  10120.09d0
1617.041  4753.959     0.000d0  10111.66d0
1629.801  4741.199     0.000d0  10103.18d0
1642.561  4728.439     0.000d0  10094.66d0
1655.321  4715.679     0.000d0  10086.09d0
1668.080  4702.920     0.000d0  10077.48d0
1680.840  4690.160     0.000d0  10068.82d0
1693.600  4677.400     0.000d0  10060.11d0
1706.359  4664.641     0.000d0  10051.35d0
1719.119  4651.881     0.000d0  10042.54d0
1731.879  4639.121     0.000d0  10033.69d0
1744.638  4626.362     0.000d0  10024.78d0
1757.398  4613.602     0.000d0  10015.82d0
1770.158  4600.842     0.000d0  10006.82d0
1782.918  4588.082     0.000d0   9997.75d0
1795.677  4575.323     0.000d0   9988.64d0
1808.437  4562.563     0.000d0   9979.47d0
1821.197  4549.803     0.000d0   9970.25d0
1833.956  4537.044     0.000d0   9960.97d0
1846.716  4524.284     0.000d0   9951.64d0
1859.476  4511.524     0.000d0   9942.25d0
1872.235  4498.765     0.000d0   9932.81d0
1884.995  4486.005     0.000d0   9923.31d0
1897.755  4473.245     0.000d0   9913.75d0
1910.515  4460.485     0.000d0   9904.13d0
1923.274  4447.726     0.000d0   9894.45d0
1936.034  4434.966     0.000d0   9884.71d0
1948.794  4422.206     0.000d0   9874.91d0
1961.553  4409.447     0.000d0   9865.05d0
1974.313  4396.687     0.000d0   9855.13d0
1987.073  4383.927     0.000d0   9845.14d0
1999.832  4371.168     0.000d0   9835.09d0
2012.592  4358.408     0.000d0   9824.98d0
2025.352  4345.648     0.000d0   9814.80d0
2038.112  4332.888     0.000d0   9804.56d0
2050.871  4320.129     0.000d0   9794.25d0
2063.631  4307.369     0.000d0   9783.87d0
2076.391  4294.609     0.000d0   9773.43d0
2089.150  4281.850     0.000d0   9762.92d0
2101.910  4269.090     0.000d0   9752.34d0
2114.670  4256.330     0.000d0   9741.69d0
2127.429  4243.571     0.000d0   9730.97d0
2140.189  4230.811     0.000d0   9720.18d0
2152.949  4218.051     0.000d0   9709.32d0
2165.709  4205.291     0.000d0   9698.39d0
2178.468  4192.532     0.000d0   9687.38d0
2191.228  4179.772     0.000d0   9676.31d0
2203.988  4167.012     0.000d0   9665.15d0
2216.747  4154.253     0.000d0   9653.93d0
2229.507  4141.493     0.000d0   9642.63d0
2242.267  4128.733     0.000d0   9631.25d0
2255.026  4115.974     0.000d0   9619.80d0
2267.786  4103.214     0.000d0   9608.27d0
2280.546  4090.454     0.000d0   9596.66d0
2293.306  4077.694     0.000d0   9584.97d0
2306.065  4064.935     0.000d0   9573.20d0
2318.825  4052.175     0.000d0   9561.36d0
2331.585  4039.415     0.000d0   9549.43d0
2344.344  4026.656     0.000d0   9537.43d0
2357.104  4013.896     0.000d0   9525.34d0
2369.864  4001.136     0.000d0   9513.17d0
2382.623  3988.377     0.000d0   9500.91d0
2395.383  3975.617     0.000d0   9488.57d0
2408.143  3962.857     0.000d0   9476.15d0
2420.903  3950.097     0.000d0   9463.64d0
2433.662  3937.338     0.000d0   9451.05d0
2446.422  3924.578     0.000d0   9438.37d0
2459.182  3911.818     0.000d0   9425.61d0
2471.941  3899.059     0.000d0   9412.75d0
2484.701  3886.299     0.000d0   9399.81d0
2497.461  3873.539     0.000d0   9386.78d0
2510.220  3860.780     0.000d0   9373.66d0
2522.980  3848.020     0.000d0   9360.45d0
2535.740  3835.260     0.000d0   9347.15d0
2548.500  3822.500     0.000d0   9333.76d0
2561.259  3809.741     0.000d0   9320.27d0
2574.019  3796.981     0.000d0   9306.70d0
2586.779  3784.221     0.000d0   9293.03d0
2599.538  3771.462     0.000d0   9279.26d0
2612.298  3758.702     0.000d0   9265.40d0
2625.058  3745.942     0.000d0   9251.45d0
2637.818  3733.182     0.000d0   9237.40d0
2650.577  3720.423     0.000d0   9223.25d0
2663.337  3707.663     0.000d0   9209.00d0
2676.097  3694.903     0.000d0   9194.66d0
2688.856  3682.144     0.000d0   9180.22d0
2701.616  3669.384     0.000d0   9165.68d0
2714.376  3656.624     0.000d0   9151.03d0
2727.135  3643.865     0.000d0   9136.29d0
2739.895  3631.105     0.000d0   9121.45d0
2752.655  3618.345     0.000d0   9106.50d0
2765.415  3605.585     0.000d0   9091.46d0
2778.174  3592.826     0.000d0   9076.30d0
2790.934  3580.066     0.000d0   9061.05d0
2803.694  3567.306     0.000d0   9045.69d0
2816.453  3554.547     0.000d0   9030.23d0
2829.213  3541.787     0.000d0   9014.65d0
2841.973  3529.027     0.000d0   8998.98d0
2854.732  3516.268     0.000d0   8983.19d0
2867.492  3503.508     0.000d0   8967.30d0
2880.252  3490.748     0.000d0   8951.30d0
2893.012  3477.988     0.000d0   8935.19d0
2905.771  3465.229     0.000d0   8918.97d0
2918.531  3452.469     0.000d0   8902.64d0
2931.291  3439.709     0.000d0   8886.20d0
2944.050  3426.950     0.000d0   8869.64d0
2956.810  3414.190     0.000d0   8852.98d0
2969.570  3401.430     0.000d0   8836.20d0
2982.329  3388.671     0.000d0   8819.31d0
2995.089  3375.911     0.000d0   8802.30d0
3007.849  3363.151     0.000d0   8785.18d0
3020.609  3350.391     0.000d0   8767.94d0
3033.368  3337.632     0.000d0   8750.59d0
3046.128  3324.872     0.000d0   8733.12d0
3058.888  3312.112     0.000d0   8715.53d0
3071.647  3299.353     0.000d0   8697.82d0
3084.407  3286.593     0.000d0   8680.00d0
3097.167  3273.833     0.000d0   8662.05d0
3109.926  3261.074     0.000d0   8643.99d0
3122.686  3248.314     0.000d0   8625.80d0
3135.446  3235.554     0.000d0   8607.49d0
3148.206  3222.794     0.000d0   8589.06d0
3160.965  3210.035     0.000d0   8570.51d0
3173.725  3197.275     0.000d0   8551.83d0
3186.485  3184.515     0.000d0   8533.03d0
3199.244  3171.756     0.000d0   8514.10d0
3212.004  3158.996     0.000d0   8495.05d0
3224.764  3146.236     0.000d0   8475.87d0
3237.523  3133.477     0.000d0   8456.57d0
3250.283  3120.717     0.000d0   8437.14d0
3263.043  3107.957     0.000d0   8417.58d0
3275.803  3095.197     0.000d0   8397.89d0
3288.562  3082.438     0.000d0   8378.07d0
3301.322  3069.678     0.000d0   8358.12d0
3314.082  3056.918     0.000d0   8338.04d0
3326.841  3044.159     0.000d0   8317.83d0
3339.601  3031.399     0.000d0   8297.49d0
3352.361  3018.639     0.000d0   8277.01d0
3365.120  3005.880     0.000d0   8256.41d0
3377.880  2993.120     0.000d0   8235.66d0
3390.640  2980.360     0.000d0   8214.79d0
3403.400  2967.600     0.000d0   8193.77d0
3416.159  2954.841     0.000d0   8172.62d0
3428.919  2942.081     0.000d0   8151.34d0
3441.679  2929.321     0.000d0   8129.92d0
3454.438  2916.562     0.000d0   8108.36d0
3467.198  2903.802     0.000d0   8086.66d0
3479.958  2891.042     0.000d0   8064.82d0
3479.958  2891.042  7264.660d0  13716.60d0
3489.335  2881.665  7264.750d0  13714.29d0
3498.713  2872.287  7264.850d0  13712.00d0
3508.091  2862.909  7264.940d0  13709.70d0
3517.468  2853.532  7265.030d0  13707.42d0
3526.846  2844.154  7265.120d0  13705.14d0
3536.224  2834.776  7265.210d0  13702.86d0
3545.601  2825.399  7265.290d0  13700.59d0
3554.979  2816.021  7265.380d0  13698.33d0
3564.357  2806.643  7265.460d0  13696.07d0
3573.734  2797.266  7265.540d0  13693.82d0
3583.112  2787.888  7265.620d0  13691.57d0
3592.489  2778.511  7265.690d0  13689.33d0
3601.867  2769.133  7265.760d0  13687.09d0
3611.245  2759.755  7265.840d0  13684.86d0
3620.622  2750.378  7265.910d0  13682.63d0
3630.000  2741.000  7265.970d0  13680.41d0
3630.000  2741.000  7265.970d0  13680.41d0
3639.471  2731.529  7261.630d0  13668.90d0
3648.942  2722.058  7257.290d0  13657.43d0
3658.413  2712.587  7252.970d0  13645.97d0
3667.885  2703.115  7248.640d0  13634.54d0
3677.356  2693.644  7244.330d0  13623.14d0
3686.827  2684.173  7240.010d0  13611.76d0
3696.298  2674.702  7235.710d0  13600.40d0
3705.769  2665.231  7231.410d0  13589.07d0
3715.240  2655.760  7227.120d0  13577.76d0
3724.712  2646.288  7222.830d0  13566.47d0
3734.183  2636.817  7218.550d0  13555.20d0
3743.654  2627.346  7214.270d0  13543.95d0
3753.125  2617.875  7210.000d0  13532.72d0
3762.596  2608.404  7205.730d0  13521.51d0
3772.067  2598.933  7201.470d0  13510.32d0
3781.538  2589.462  7197.210d0  13499.14d0
3791.010  2579.990  7192.950d0  13487.99d0
3800.481  2570.519  7188.700d0  13476.85d0
3809.952  2561.048  7184.450d0  13465.73d0
3819.423  2551.577  7180.210d0  13454.63d0
3828.894  2542.106  7175.970d0  13443.54d0
3838.365  2532.635  7171.730d0  13432.46d0
3847.837  2523.163  7167.500d0  13421.41d0
3857.308  2513.692  7163.270d0  13410.36d0
3866.779  2504.221  7159.040d0  13399.33d0
3876.250  2494.750  7154.810d0  13388.31d0
3885.721  2485.279  7150.590d0  13377.31d0
3895.192  2475.808  7146.370d0  13366.31d0
3904.663  2466.337  7142.150d0  13355.33d0
3914.135  2456.865  7137.930d0  13344.36d0
3923.606  2447.394  7133.710d0  13333.40d0
3933.077  2437.923  7129.500d0  13322.45d0
3942.548  2428.452  7125.290d0  13311.51d0
3952.019  2418.981  7121.070d0  13300.58d0
3961.490  2409.510  7116.860d0  13289.66d0
3970.962  2400.038  7112.650d0  13278.74d0
3980.433  2390.567  7108.440d0  13267.84d0
3989.904  2381.096  7104.230d0  13256.93d0
3999.375  2371.625  7100.020d0  13246.04d0
4008.846  2362.154  7095.810d0  13235.15d0
4018.317  2352.683  7091.600d0  13224.27d0
4027.788  2343.212  7087.390d0  13213.39d0
4037.260  2333.740  7083.180d0  13202.51d0
4046.731  2324.269  7078.960d0  13191.64d0
4056.202  2314.798  7074.750d0  13180.78d0
4065.673  2305.327  7070.540d0  13169.91d0
4075.144  2295.856  7066.320d0  13159.05d0
4084.615  2286.385  7062.100d0  13148.19d0
4094.087  2276.913  7057.880d0  13137.33d0
4103.558  2267.442  7053.660d0  13126.47d0
4113.029  2257.971  7049.440d0  13115.61d0
4122.500  2248.500  7045.220d0  13104.75d0
4131.971  2239.029  7040.990d0  13093.89d0
4141.442  2229.558  7036.760d0  13083.02d0
4150.913  2220.087  7032.520d0  13072.16d0
4160.385  2210.615  7028.290d0  13061.29d0
4169.856  2201.144  7024.050d0  13050.42d0
4179.327  2191.673  7019.810d0  13039.55d0
4188.798  2182.202  7015.560d0  13028.67d0
4198.269  2172.731  7011.310d0  13017.78d0
4207.740  2163.260  7007.060d0  13006.90d0
4217.212  2153.788  7002.800d0  12996.00d0
4226.683  2144.317  6998.540d0  12985.10d0
4236.154  2134.846  6994.270d0  12974.19d0
4245.625  2125.375  6990.000d0  12963.28d0
4255.096  2115.904  6985.720d0  12952.36d0
4264.567  2106.433  6981.440d0  12941.42d0
4274.038  2096.962  6977.150d0  12930.48d0
4283.510  2087.490  6972.860d0  12919.54d0
4292.981  2078.019  6968.570d0  12908.58d0
4302.452  2068.548  6964.260d0  12897.61d0
4311.923  2059.077  6959.950d0  12886.63d0
4321.394  2049.606  6955.640d0  12875.63d0
4330.865  2040.135  6951.320d0  12864.63d0
4340.337  2030.663  6946.990d0  12853.61d0
4349.808  2021.192  6942.660d0  12842.58d0
4359.279  2011.721  6938.310d0  12831.54d0
4368.750  2002.250  6933.970d0  12820.48d0
4378.221  1992.779  6929.610d0  12809.41d0
4387.692  1983.308  6925.250d0  12798.32d0
4397.163  1973.837  6920.880d0  12787.22d0
4406.635  1964.365  6916.500d0  12776.10d0
4416.106  1954.894  6912.110d0  12764.96d0
4425.577  1945.423  6907.720d0  12753.81d0
4435.048  1935.952  6903.320d0  12742.63d0
4444.519  1926.481  6898.910d0  12731.44d0
4453.990  1917.010  6894.490d0  12720.24d0
4463.462  1907.538  6890.060d0  12709.01d0
4472.933  1898.067  6885.620d0  12697.76d0
4482.404  1888.596  6881.170d0  12686.49d0
4491.875  1879.125  6876.720d0  12675.20d0
4501.346  1869.654  6872.250d0  12663.89d0
4510.817  1860.183  6867.780d0  12652.56d0
4520.288  1850.712  6863.290d0  12641.20d0
4529.760  1841.240  6858.800d0  12629.82d0
4539.231  1831.769  6854.290d0  12618.42d0
4548.702  1822.298  6849.780d0  12606.99d0
4558.173  1812.827  6845.250d0  12595.54d0
4567.644  1803.356  6840.710d0  12584.06d0
4577.115  1793.885  6836.160d0  12572.56d0
4586.587  1784.413  6831.600d0  12561.03d0
4596.058  1774.942  6827.030d0  12549.48d0
4605.529  1765.471  6822.450d0  12537.89d0
4615.000  1756.000  6817.850d0  12526.28d0
4624.471  1746.529  6813.250d0  12514.64d0
4633.942  1737.058  6808.630d0  12502.98d0
4643.413  1727.587  6804.000d0  12491.28d0
4652.885  1718.115  6799.350d0  12479.55d0
4662.356  1708.644  6794.700d0  12467.79d0
4671.827  1699.173  6790.030d0  12456.01d0
4681.298  1689.702  6785.340d0  12444.19d0
4690.769  1680.231  6780.650d0  12432.33d0
4700.240  1670.760  6775.940d0  12420.45d0
4709.712  1661.288  6771.220d0  12408.53d0
4719.183  1651.817  6766.480d0  12396.58d0
4728.654  1642.346  6761.730d0  12384.60d0
4738.125  1632.875  6756.970d0  12372.58d0
4747.596  1623.404  6752.190d0  12360.52d0
4757.067  1613.933  6747.400d0  12348.43d0
4766.538  1604.462  6742.590d0  12336.30d0
4776.010  1594.990  6737.760d0  12324.14d0
4785.481  1585.519  6732.930d0  12311.94d0
4794.952  1576.048  6728.070d0  12299.70d0
4804.423  1566.577  6723.210d0  12287.42d0
4813.894  1557.106  6718.320d0  12275.11d0
4823.365  1547.635  6713.420d0  12262.75d0
4832.837  1538.163  6708.510d0  12250.35d0
4842.308  1528.692  6703.570d0  12237.92d0
4851.779  1519.221  6698.620d0  12225.44d0
4861.250  1509.750  6693.660d0  12212.92d0
4870.721  1500.279  6688.680d0  12200.36d0
4880.192  1490.808  6683.680d0  12187.76d0
4889.663  1481.337  6678.660d0  12175.11d0
4899.135  1471.865  6673.630d0  12162.43d0
4908.606  1462.394  6668.580d0  12149.69d0
4918.077  1452.923  6663.510d0  12136.91d0
4927.548  1443.452  6658.430d0  12124.09d0
4937.019  1433.981  6653.320d0  12111.22d0
4946.490  1424.510  6648.200d0  12098.31d0
4955.962  1415.038  6643.060d0  12085.34d0
4965.433  1405.567  6637.900d0  12072.34d0
4974.904  1396.096  6632.730d0  12059.28d0
4984.375  1386.625  6627.530d0  12046.17d0
4993.846  1377.154  6622.310d0  12033.02d0
5003.317  1367.683  6617.080d0  12019.82d0
5012.788  1358.212  6611.820d0  12006.56d0
5022.260  1348.740  6606.550d0  11993.26d0
5031.731  1339.269  6601.260d0  11979.90d0
5041.202  1329.798  6595.940d0  11966.50d0
5050.673  1320.327  6590.610d0  11953.04d0
5060.144  1310.856  6584.910d0  11939.53d0
5069.615  1301.385  6579.510d0  11925.97d0
5079.087  1291.913  6574.110d0  11912.35d0
5088.558  1282.442  6568.670d0  11898.69d0
5098.029  1272.971  6563.220d0  11884.96d0
5107.500  1263.500  6557.740d0  11871.19d0
5116.971  1254.029  6552.240d0  11857.37d0
5126.442  1244.558  6546.730d0  11843.48d0
5135.913  1235.087  6541.190d0  11829.55d0
5145.385  1225.615  6535.630d0  11815.57d0
5154.856  1216.144  6530.050d0  11801.53d0
5164.327  1206.673  6524.440d0  11787.44d0
5173.798  1197.202  6518.820d0  11773.30d0
5183.269  1187.731  6513.170d0  11759.10d0
5192.740  1178.260  6507.500d0  11744.85d0
5202.212  1168.788  6501.800d0  11730.55d0
5211.683  1159.317  6496.090d0  11716.18d0
5221.154  1149.846  6490.350d0  11701.78d0
5230.625  1140.375  6484.590d0  11687.31d0
5240.096  1130.904  6478.800d0  11672.80d0
5249.567  1121.433  6472.990d0  11658.23d0
5259.038  1111.962  6467.160d0  11643.60d0
5268.510  1102.490  6461.300d0  11628.92d0
5277.981  1093.019  6455.420d0  11614.19d0
5287.452  1083.548  6449.510d0  11599.40d0
5296.923  1074.077  6443.580d0  11584.57d0
5306.394  1064.606  6437.630d0  11569.68d0
5315.865  1055.135  6431.650d0  11554.72d0
5325.337  1045.663  6425.650d0  11539.72d0
5334.808  1036.192  6419.610d0  11524.67d0
5344.279  1026.721  6413.560d0  11509.56d0
5353.750  1017.250  6407.480d0  11494.39d0
5363.221  1007.779  6401.370d0  11479.17d0
5372.692   998.308  6395.250d0  11463.89d0
5382.163   988.837  6389.090d0  11448.55d0
5391.635   979.365  6382.910d0  11433.17d0
5401.106   969.894  6376.700d0  11417.73d0
5410.577   960.423  6370.460d0  11402.23d0
5420.048   950.952  6364.200d0  11386.68d0
5429.519   941.481  6357.910d0  11371.07d0
5438.990   932.010  6351.590d0  11355.41d0
5448.462   922.538  6345.250d0  11339.69d0
5457.933   913.067  6338.880d0  11323.91d0
5467.404   903.596  6332.490d0  11308.09d0
#571:600
5476.875   894.125  6326.050d0  11292.20d0
5486.346   884.654  6319.600d0  11276.25d0
5495.817   875.183  6313.130d0  11260.25d0
5505.288   865.712  6306.620d0  11244.19d0
5514.760   856.240  6300.080d0  11228.08d0
5524.231   846.769  6293.520d0  11211.90d0
5533.702   837.298  6286.920d0  11195.67d0
5543.173   827.827  6280.290d0  11179.38d0
5552.644   818.356  6273.640d0  11163.04d0
5562.115   808.885  6266.960d0  11146.63d0
5571.587   799.413  6260.250d0  11130.18d0
5581.058   789.942  6253.510d0  11113.67d0
5590.529   780.471  6246.750d0  11097.11d0
5600.000   771.000  6239.950d0  11080.51d0
5600.000   771.000  6239.950d0  11080.51d0
5607.562   763.438  6223.664d0  11065.06d0
5615.125   755.875  6207.375d0  11049.62d0
5622.688   748.312  6191.087d0  11034.17d0
5630.250   740.750  6174.800d0  11018.73d0
5637.812   733.188  6158.514d0  11003.28d0
5645.375   725.625  6142.219d0  10987.82d0
5652.938   718.062  6124.223d0  10969.88d0
5660.500   710.500  6106.270d0  10953.76d0
5668.062   702.938  6088.891d0  10941.19d0
5675.625   695.375  6072.524d0  10930.91d0
5683.188   687.812  6057.698d0  10923.81d0
5690.750   680.250  6041.217d0  10918.14d0
5698.312   672.688  6027.520d0  10917.04d0
5705.875   665.125  6013.387d0  10916.79d0
5713.438   657.562  5998.054d0  10915.23d0
#601:630
5721.000   650.000  5983.694d0  10915.41d0
5721.000   650.000  5591.854d0  10200.93d0
5724.572   646.428  5586.295d0  10203.01d0
5728.143   642.857  5580.604d0  10205.67d0
5731.714   639.286  5574.879d0  10208.48d0
5735.286   635.714  5569.015d0  10208.99d0
5738.857   632.143  5563.015d0  10207.19d0
5742.428   628.572  5556.813d0  10204.80d0
5746.000   625.000  5549.840d0  10200.16d0
5749.572   621.428  5543.431d0  10193.72d0
5753.143   617.857  5536.397d0  10186.13d0
5756.714   614.286  5529.197d0  10178.24d0
5760.286   610.714  5521.423d0  10168.58d0
5763.857   607.143  5513.080d0  10157.14d0
5767.428   603.572  5504.654d0  10145.33d0
5771.000   600.000  5495.910d0  10132.15d0
5771.000   600.000  5495.910d0  10132.15d0
5777.334   593.666  5480.506d0  10105.71d0
5783.666   587.334  5464.575d0  10080.54d0
5790.000   581.000  5448.827d0  10054.54d0
5796.334   574.666  5433.267d0  10027.69d0
5802.666   568.334  5418.299d0  10000.06d0
5809.000   562.000  5403.339d0   9973.50d0
5815.334   555.666  5388.622d0   9947.58d0
5821.666   549.334  5374.267d0   9920.89d0
5828.000   543.000  5360.265d0   9893.40d0
5834.334   536.666  5345.759d0   9863.96d0
5840.666   530.334  5330.494d0   9834.65d0
5847.000   524.000  5316.956d0   9805.60d0
5853.334   517.666  5303.172d0   9777.31d0
#631:660
5859.666   511.334  5289.146d0   9749.80d0
5866.000   505.000  5274.480d0   9719.80d0
5872.334   498.666  5259.802d0   9690.69d0
5878.666   492.334  5245.794d0   9661.59d0
5885.000   486.000  5231.633d0   9632.91d0
5891.334   479.666  5217.323d0   9604.64d0
5897.666   473.334  5204.170d0   9575.83d0
5904.000   467.000  5192.747d0   9551.24d0
5910.334   460.666  5181.077d0   9526.62d0
5916.666   454.334  5169.589d0   9503.84d0
5923.000   448.000  5158.275d0   9482.88d0
5929.334   441.666  5148.331d0   9466.30d0
5935.666   435.334  5138.654d0   9451.85d0
5942.000   429.000  5128.906d0   9437.38d0
5948.334   422.666  5119.377d0   9424.24d0
5954.666   416.334  5110.068d0   9412.43d0
5961.000   410.000  5100.370d0   9400.96d0
5961.000   410.000  4828.470d0   8900.53d0
5967.334   403.666  4824.392d0   8898.12d0
5973.666   397.334  4818.675d0   8893.79d0
5980.000   391.000  4811.904d0   8887.02d0
5986.334   384.666  4804.522d0   8877.77d0
5992.666   378.334  4796.830d0   8866.24d0
5999.000   372.000  4788.997d0   8852.74d0
6005.334   365.666  4781.105d0   8837.62d0
6011.666   359.334  4773.159d0   8821.20d0
6018.000   353.000  4765.113d0   8803.72d0
6024.334   346.666  4756.897d0   8785.36d0
6030.666   340.334  4748.437d0   8766.26d0
6037.000   334.000  4739.660d0   8746.45d0
#661:690
6043.334   327.666  4730.519d0   8725.97d0
6049.666   321.334  4720.993d0   8704.82d0
6056.000   315.000  4711.082d0   8682.99d0
6062.334   308.666  4700.823d0   8660.46d0
6068.666   302.334  4690.278d0   8637.24d0
6075.000   296.000  4679.517d0   8613.31d0
6081.334   289.666  4668.633d0   8588.71d0
6087.666   283.334  4657.721d0   8563.46d0
6094.000   277.000  4646.860d0   8537.56d0
6100.334   270.666  4636.128d0   8511.07d0
6106.666   264.334  4625.581d0   8483.99d0
6113.000   258.000  4615.241d0   8456.33d0
6119.334   251.666  4605.110d0   8428.08d0
6125.666   245.334  4595.163d0   8399.22d0
6132.000   239.000  4585.337d0   8369.70d0
6138.334   232.666  4575.552d0   8339.48d0
6144.666   226.334  4565.714d0   8308.52d0
6151.000   220.000  4555.708d0   8276.75d0
6151.000   220.000  4555.708d0   8276.75d0
6157.087   213.913  4545.834d0   8245.43d0
6163.174   207.826  4535.619d0   8213.34d0
6169.261   201.739  4524.992d0   8180.53d0
6175.348   195.652  4513.912d0   8147.07d0
6181.435   189.565  4502.369d0   8113.11d0
6187.522   183.478  4490.399d0   8078.86d0
6193.609   177.391  4478.083d0   8044.58d0
6199.696   171.304  4465.552d0   8010.62d0
6205.783   165.217  4452.986d0   7977.39d0
6211.870   159.130  4440.609d0   7945.34d0
6217.957   153.043  4428.685d0   7914.96d0
#691:720
6224.043   146.957  4417.504d0   7886.77d0
6230.130   140.870  4407.365d0   7861.25d0
6236.217   134.783  4398.560d0   7838.84d0
6242.304   128.696  4391.353d0   7819.91d0
6248.391   122.609  4385.955d0   7804.68d0
6254.478   116.522  4382.501d0   7793.23d0
6260.565   110.435  4381.021d0   7785.42d0
6266.652   104.348  4381.422d0   7780.92d0
6272.739    98.261  4383.476d0   7779.13d0
6278.826    92.174  4386.810d0   7779.26d0
6284.913    86.087  4390.912d0   7780.36d0
6291.000    80.000  4395.155d0   7781.35d0
6291.000    80.000  4395.155d0   7781.35d0
6294.971    76.029  4397.669d0   7781.49d0
6298.943    72.057  4399.752d0   7781.49d0
6302.914    68.086  4401.223d0   7781.49d0
6306.886    64.114  4401.928d0   7781.49d0
6310.857    60.143  4401.972d0   7781.49d0
6314.829    56.171  4401.972d0   7781.49d0
6318.800    52.200  4401.972d0   7781.49d0
6322.771    48.229  4401.972d0   7781.49d0
6326.743    44.257  4401.972d0   7781.49d0
6330.714    40.286  4401.972d0   7781.49d0
6334.686    36.314  4401.972d0   7781.49d0
6338.657    32.343  4401.972d0   7781.49d0
6342.629    28.371  4401.972d0   7781.49d0
6346.600    24.400  4401.972d0   7781.49d0
6346.600    24.400  4401.972d0   7781.49d0
6347.540    23.460  4401.972d0   7781.49d0
6348.480    22.520  4401.972d0   7781.49d0
#721:750
6349.420    21.580  4401.972d0   7781.49d0
6350.360    20.640  4401.972d0   7781.49d0
6351.300    19.700  4401.972d0   7781.49d0
6352.240    18.760  4401.972d0   7781.49d0
6353.180    17.820  4401.972d0   7781.49d0
6354.120    16.880  4401.972d0   7781.49d0
6355.060    15.940  4401.972d0   7781.49d0
6356.000    15.000  4401.972d0   7781.49d0
6356.000    15.000  4401.972d0   7781.49d0
6357.200    13.800  4401.972d0   7781.49d0
6358.400    12.600  4401.972d0   7781.49d0
6359.600    11.400  4401.972d0   7781.49d0
6360.800    10.200  4401.972d0   7781.49d0
6362.000     9.000  4401.972d0   7781.49d0
6363.200     7.800  4401.972d0   7781.49d0
6364.400     6.600  4401.972d0   7781.49d0
6365.600     5.400  4401.972d0   7781.49d0
6366.800     4.200  4401.972d0   7781.49d0
6368.000     3.000  4401.972d0   7781.49d0
6368.000     3.000  4401.972d0   7781.49d0
6368.300     2.700  4401.972d0   7781.49d0
6368.600     2.400  4401.972d0   7781.49d0
6368.900     2.100  4401.972d0   7781.49d0
6369.200     1.800  4401.972d0   7781.49d0
6369.500     1.500  4401.972d0   7781.49d0
6369.800     1.200  4401.972d0   7781.49d0
6370.100     0.900  4401.972d0   7781.49d0
6370.400     0.600  4401.972d0   7781.49d0
6370.700     0.300  4401.972d0   7781.49d0
6371.000     0.000  4401.972d0   7781.49d0
