#radius       depth         vpv
#    0.000000  6371.000000   11.262200
#    6.824000  6364.176000   11.262200
#   13.648000  6357.352000   11.262180
#   20.472000  6350.528000   11.262140
#   27.296000  6343.704000   11.262090
#   34.120000  6336.880000   11.262020
#   40.944000  6330.056000   11.261940
#   47.768000  6323.232000   11.261850
#   54.592000  6316.408000   11.261740
#   61.416000  6309.584000   11.261610
#   68.240000  6302.760000   11.261470
#   75.064000  6295.936000   11.261320
#   81.888000  6289.112000   11.261150
#   88.712000  6282.288000   11.260970
#   95.536000  6275.464000   11.260770
#  102.360000  6268.640000   11.260560
#  109.184000  6261.816000   11.260340
#  116.007000  6254.993000   11.260090
#  122.831000  6248.169000   11.259840
#  129.655000  6241.345000   11.259570
#  136.479000  6234.521000   11.259280
#  143.303000  6227.697000   11.258990
#  150.127000  6220.873000   11.258670
#  156.951000  6214.049000   11.258340
#  163.775000  6207.225000   11.258000
#  170.599000  6200.401000   11.257640
#  177.423000  6193.577000   11.257270
#  184.247000  6186.753000   11.256880
#  191.071000  6179.929000   11.256480
#  197.895000  6173.105000   11.256060
#  204.719000  6166.281000   11.255630
#  211.543000  6159.457000   11.255190
#  218.367000  6152.633000   11.254730
#  225.191000  6145.809000   11.254250
#  232.015000  6138.985000   11.253760
#  238.839000  6132.161000   11.253260
#  245.663000  6125.337000   11.252740
#  252.487000  6118.513000   11.252210
#  259.311000  6111.689000   11.251660
#  266.135000  6104.865000   11.251100
#  272.959000  6098.041000   11.250520
#  279.783000  6091.217000   11.249930
#  286.607000  6084.393000   11.249330
#  293.431000  6077.569000   11.248710
#  300.255000  6070.745000   11.248070
#  307.079000  6063.921000   11.247420
#  313.903000  6057.097000   11.246760
#  320.727000  6050.273000   11.246080
#  327.551000  6043.449000   11.245380
#  334.375000  6036.625000   11.244670
#  341.199000  6029.801000   11.243950
#  348.022000  6022.978000   11.243210
#  354.846000  6016.154000   11.242460
#  361.670000  6009.330000   11.241700
#  368.494000  6002.506000   11.240910
#  375.318000  5995.682000   11.240120
#  382.142000  5988.858000   11.239310
#  388.966000  5982.034000   11.238480
#  395.790000  5975.210000   11.237640
#  402.614000  5968.386000   11.236790
#  409.438000  5961.562000   11.235920
#  416.262000  5954.738000   11.235040
#  423.086000  5947.914000   11.234140
#  429.910000  5941.090000   11.233230
#  436.734000  5934.266000   11.232300
#  443.558000  5927.442000   11.231360
#  450.382000  5920.618000   11.230400
#  457.206000  5913.794000   11.229430
#  464.030000  5906.970000   11.228440
#  470.854000  5900.146000   11.227440
#  477.678000  5893.322000   11.226430
#  484.502000  5886.498000   11.225400
#  491.326000  5879.674000   11.224360
#  498.150000  5872.850000   11.223300
#  504.974000  5866.026000   11.222220
#  511.798000  5859.202000   11.221140
#  518.622000  5852.378000   11.220030
#  525.446000  5845.554000   11.218920
#  532.270000  5838.730000   11.217780
#  539.094000  5831.906000   11.216640
#  545.918000  5825.082000   11.215480
#  552.742000  5818.258000   11.214300
#  559.566000  5811.434000   11.213110
#  566.390000  5804.610000   11.211910
#  573.214000  5797.786000   11.210690
#  580.037000  5790.963000   11.209450
#  586.861000  5784.139000   11.208210
#  593.685000  5777.315000   11.206940
#  600.509000  5770.491000   11.205670
#  607.333000  5763.667000   11.204370
#  614.157000  5756.843000   11.203070
#  620.981000  5750.019000   11.201740
#  627.805000  5743.195000   11.200410
#  634.629000  5736.371000   11.199060
#  641.453000  5729.547000   11.197690
#  648.277000  5722.723000   11.196310
#  655.101000  5715.899000   11.194920
#  661.925000  5709.075000   11.193510
#  668.749000  5702.251000   11.192090
#  675.573000  5695.427000   11.190650
#  682.397000  5688.603000   11.189190
#  689.221000  5681.779000   11.187730
#  696.045000  5674.955000   11.186240
#  702.869000  5668.131000   11.184750
#  709.693000  5661.307000   11.183240
#  716.517000  5654.483000   11.181710
#  723.341000  5647.659000   11.180170
#  730.165000  5640.835000   11.178610
#  736.989000  5634.011000   11.177040
#  743.813000  5627.187000   11.175460
#  750.637000  5620.363000   11.173860
#  757.461000  5613.539000   11.172250
#  764.285000  5606.715000   11.170620
#  771.109000  5599.891000   11.168980
#  777.933000  5593.067000   11.167320
#  784.757000  5586.243000   11.165650
#  791.581000  5579.419000   11.163960
#  798.405000  5572.595000   11.162260
#  805.229000  5565.771000   11.160540
#  812.052000  5558.948000   11.158810
#  818.876000  5552.124000   11.157070
#  825.700000  5545.300000   11.155310
#  832.524000  5538.476000   11.153540
#  839.348000  5531.652000   11.151750
#  846.172000  5524.828000   11.149940
#  852.996000  5518.004000   11.148130
#  859.820000  5511.180000   11.146290
#  866.644000  5504.356000   11.144450
#  873.468000  5497.532000   11.142580
#  880.292000  5490.708000   11.140710
#  887.116000  5483.884000   11.138820
#  893.940000  5477.060000   11.136910
#  900.764000  5470.236000   11.134990
#  907.588000  5463.412000   11.133060
#  914.412000  5456.588000   11.131110
#  921.236000  5449.764000   11.129140
#  928.060000  5442.940000   11.127160
#  934.884000  5436.116000   11.125170
#  941.708000  5429.292000   11.123160
#  948.532000  5422.468000   11.121140
#  955.356000  5415.644000   11.119100
#  962.180000  5408.820000   11.117050
#  969.004000  5401.996000   11.114990
#  975.828000  5395.172000   11.112900
#  982.652000  5388.348000   11.110810
#  989.476000  5381.524000   11.108700
#  996.300000  5374.700000   11.106570
# 1003.124000  5367.876000   11.104440
# 1009.948000  5361.052000   11.102280
# 1016.772000  5354.228000   11.100110
# 1023.596000  5347.404000   11.097930
# 1030.420000  5340.580000   11.095730
# 1037.244000  5333.756000   11.093520
# 1044.067000  5326.933000   11.091290
# 1050.891000  5320.109000   11.089050
# 1057.715000  5313.285000   11.086800
# 1064.539000  5306.461000   11.084530
# 1071.363000  5299.637000   11.082240
# 1078.187000  5292.813000   11.079940
# 1085.011000  5285.989000   11.077630
# 1091.835000  5279.165000   11.075300
# 1098.659000  5272.341000   11.072950
# 1105.483000  5265.517000   11.070590
# 1112.307000  5258.693000   11.068220
# 1119.131000  5251.869000   11.065830
# 1125.955000  5245.045000   11.063430
# 1132.779000  5238.221000   11.061020
# 1139.603000  5231.397000   11.058580
# 1146.427000  5224.573000   11.056140
# 1153.251000  5217.749000   11.053680
# 1160.075000  5210.925000   11.051200
# 1166.899000  5204.101000   11.048710
# 1173.723000  5197.277000   11.046210
# 1180.547000  5190.453000   11.043690
# 1187.371000  5183.629000   11.041160
# 1194.195000  5176.805000   11.038610
# 1201.019000  5169.981000   11.036050
# 1207.843000  5163.157000   11.033470
# 1214.667000  5156.333000   11.030880
# 1221.491000  5149.509000   11.028270
# 1221.491100  5149.508900   10.355690
# 1234.250000  5136.750000   10.348280
# 1247.010000  5123.990000   10.340850
# 1259.770000  5111.230000   10.333390
# 1272.530000  5098.470000   10.325910
# 1285.289000  5085.711000   10.318400
# 1298.049000  5072.951000   10.310870
# 1310.809000  5060.191000   10.303300
# 1323.568000  5047.432000   10.295710
# 1336.328000  5034.672000   10.288090
# 1349.088000  5021.912000   10.280440
# 1361.847000  5009.153000   10.272760
# 1374.607000  4996.393000   10.265040
# 1387.367000  4983.633000   10.257300
# 1400.127000  4970.873000   10.249520
# 1412.886000  4958.114000   10.241710
# 1425.646000  4945.354000   10.233860
# 1438.406000  4932.594000   10.225980
# 1451.165000  4919.835000   10.218060
# 1463.925000  4907.075000   10.210110
# 1476.685000  4894.315000   10.202120
# 1489.444000  4881.556000   10.194100
# 1502.204000  4868.796000   10.186040
# 1514.964000  4856.036000   10.177940
# 1527.724000  4843.276000   10.169790
# 1540.483000  4830.517000   10.161610
# 1553.243000  4817.757000   10.153390
# 1566.003000  4804.997000   10.145130
# 1578.762000  4792.238000   10.136830
# 1591.522000  4779.478000   10.128480
# 1604.282000  4766.718000   10.120090
# 1617.041000  4753.959000   10.111660
# 1629.801000  4741.199000   10.103180
# 1642.561000  4728.439000   10.094660
# 1655.321000  4715.679000   10.086090
# 1668.080000  4702.920000   10.077480
# 1680.840000  4690.160000   10.068820
# 1693.600000  4677.400000   10.060110
# 1706.359000  4664.641000   10.051350
# 1719.119000  4651.881000   10.042540
# 1731.879000  4639.121000   10.033690
# 1744.638000  4626.362000   10.024780
# 1757.398000  4613.602000   10.015820
# 1770.158000  4600.842000   10.006820
# 1782.918000  4588.082000    9.997750
# 1795.677000  4575.323000    9.988640
# 1808.437000  4562.563000    9.979470
# 1821.197000  4549.803000    9.970250
# 1833.956000  4537.044000    9.960970
# 1846.716000  4524.284000    9.951640
# 1859.476000  4511.524000    9.942250
# 1872.235000  4498.765000    9.932810
# 1884.995000  4486.005000    9.923310
# 1897.755000  4473.245000    9.913750
# 1910.515000  4460.485000    9.904130
# 1923.274000  4447.726000    9.894450
# 1936.034000  4434.966000    9.884710
# 1948.794000  4422.206000    9.874910
# 1961.553000  4409.447000    9.865050
# 1974.313000  4396.687000    9.855130
# 1987.073000  4383.927000    9.845140
# 1999.832000  4371.168000    9.835090
# 2012.592000  4358.408000    9.824980
# 2025.352000  4345.648000    9.814800
# 2038.112000  4332.888000    9.804560
# 2050.871000  4320.129000    9.794250
# 2063.631000  4307.369000    9.783870
# 2076.391000  4294.609000    9.773430
# 2089.150000  4281.850000    9.762920
# 2101.910000  4269.090000    9.752340
# 2114.670000  4256.330000    9.741690
# 2127.429000  4243.571000    9.730970
# 2140.189000  4230.811000    9.720180
# 2152.949000  4218.051000    9.709320
# 2165.709000  4205.291000    9.698390
# 2178.468000  4192.532000    9.687380
# 2191.228000  4179.772000    9.676310
# 2203.988000  4167.012000    9.665150
# 2216.747000  4154.253000    9.653930
# 2229.507000  4141.493000    9.642630
# 2242.267000  4128.733000    9.631250
# 2255.026000  4115.974000    9.619800
# 2267.786000  4103.214000    9.608270
# 2280.546000  4090.454000    9.596660
# 2293.306000  4077.694000    9.584970
# 2306.065000  4064.935000    9.573200
# 2318.825000  4052.175000    9.561360
# 2331.585000  4039.415000    9.549430
# 2344.344000  4026.656000    9.537430
# 2357.104000  4013.896000    9.525340
# 2369.864000  4001.136000    9.513170
# 2382.623000  3988.377000    9.500910
# 2395.383000  3975.617000    9.488570
# 2408.143000  3962.857000    9.476150
# 2420.903000  3950.097000    9.463640
# 2433.662000  3937.338000    9.451050
# 2446.422000  3924.578000    9.438370
# 2459.182000  3911.818000    9.425610
# 2471.941000  3899.059000    9.412750
# 2484.701000  3886.299000    9.399810
# 2497.461000  3873.539000    9.386780
# 2510.220000  3860.780000    9.373660
# 2522.980000  3848.020000    9.360450
# 2535.740000  3835.260000    9.347150
# 2548.500000  3822.500000    9.333760
# 2561.259000  3809.741000    9.320270
# 2574.019000  3796.981000    9.306700
# 2586.779000  3784.221000    9.293030
# 2599.538000  3771.462000    9.279260
# 2612.298000  3758.702000    9.265400
# 2625.058000  3745.942000    9.251450
# 2637.818000  3733.182000    9.237400
# 2650.577000  3720.423000    9.223250
# 2663.337000  3707.663000    9.209000
# 2676.097000  3694.903000    9.194660
# 2688.856000  3682.144000    9.180220
# 2701.616000  3669.384000    9.165680
# 2714.376000  3656.624000    9.151030
# 2727.135000  3643.865000    9.136290
# 2739.895000  3631.105000    9.121450
# 2752.655000  3618.345000    9.106500
# 2765.415000  3605.585000    9.091460
# 2778.174000  3592.826000    9.076300
# 2790.934000  3580.066000    9.061050
# 2803.694000  3567.306000    9.045690
# 2816.453000  3554.547000    9.030230
# 2829.213000  3541.787000    9.014650
# 2841.973000  3529.027000    8.998980
# 2854.732000  3516.268000    8.983190
# 2867.492000  3503.508000    8.967300
# 2880.252000  3490.748000    8.951300
# 2893.012000  3477.988000    8.935190
# 2905.771000  3465.229000    8.918970
# 2918.531000  3452.469000    8.902640
# 2931.291000  3439.709000    8.886200
# 2944.050000  3426.950000    8.869640
# 2956.810000  3414.190000    8.852980
# 2969.570000  3401.430000    8.836200
# 2982.329000  3388.671000    8.819310
# 2995.089000  3375.911000    8.802300
# 3007.849000  3363.151000    8.785180
# 3020.609000  3350.391000    8.767940
# 3033.368000  3337.632000    8.750590
# 3046.128000  3324.872000    8.733120
# 3058.888000  3312.112000    8.715530
# 3071.647000  3299.353000    8.697820
# 3084.407000  3286.593000    8.680000
# 3097.167000  3273.833000    8.662050
# 3109.926000  3261.074000    8.643990
# 3122.686000  3248.314000    8.625800
# 3135.446000  3235.554000    8.607490
# 3148.206000  3222.794000    8.589060
# 3160.965000  3210.035000    8.570510
# 3173.725000  3197.275000    8.551830
# 3186.485000  3184.515000    8.533030
# 3199.244000  3171.756000    8.514100
# 3212.004000  3158.996000    8.495050
# 3224.764000  3146.236000    8.475870
# 3237.523000  3133.477000    8.456570
# 3250.283000  3120.717000    8.437140
# 3263.043000  3107.957000    8.417580
# 3275.803000  3095.197000    8.397890
# 3288.562000  3082.438000    8.378070
# 3301.322000  3069.678000    8.358120
# 3314.082000  3056.918000    8.338040
# 3326.841000  3044.159000    8.317830
# 3339.601000  3031.399000    8.297490
# 3352.361000  3018.639000    8.277010
# 3365.120000  3005.880000    8.256410
# 3377.880000  2993.120000    8.235660
# 3390.640000  2980.360000    8.214790
# 3403.400000  2967.600000    8.193770
# 3416.159000  2954.841000    8.172620
# 3428.919000  2942.081000    8.151340
# 3441.679000  2929.321000    8.129920
# 3454.438000  2916.562000    8.108360
# 3467.198000  2903.802000    8.086660
# 3479.958000  2891.042000    8.064820
# 3479.958100  2891.041900   13.716600
# 3489.335000  2881.665000   13.714290
# 3498.713000  2872.287000   13.712000
# 3508.091000  2862.909000   13.709700
# 3517.468000  2853.532000   13.707420
# 3526.846000  2844.154000   13.705140
# 3536.224000  2834.776000   13.702860
# 3545.601000  2825.399000   13.700590
# 3554.979000  2816.021000   13.698330
# 3564.357000  2806.643000   13.696070
# 3573.734000  2797.266000   13.693820
# 3583.112000  2787.888000   13.691570
# 3592.489000  2778.511000   13.689330
# 3601.867000  2769.133000   13.687090
# 3611.245000  2759.755000   13.684860
# 3620.622000  2750.378000   13.682630
# 3630.000000  2741.000000   13.680410
# 3630.000100  2740.999900   13.680410
# 3639.471000  2731.529000   13.668900
# 3648.942000  2722.058000   13.657430
# 3658.413000  2712.587000   13.645970
# 3667.885000  2703.115000   13.634540
# 3677.356000  2693.644000   13.623140
# 3686.827000  2684.173000   13.611760
# 3696.298000  2674.702000   13.600400
# 3705.769000  2665.231000   13.589070
# 3715.240000  2655.760000   13.577760
# 3724.712000  2646.288000   13.566470
# 3734.183000  2636.817000   13.555200
# 3743.654000  2627.346000   13.543950
# 3753.125000  2617.875000   13.532720
# 3762.596000  2608.404000   13.521510
# 3772.067000  2598.933000   13.510320
# 3781.538000  2589.462000   13.499140
# 3791.010000  2579.990000   13.487990
# 3800.481000  2570.519000   13.476850
# 3809.952000  2561.048000   13.465730
# 3819.423000  2551.577000   13.454630
# 3828.894000  2542.106000   13.443540
# 3838.365000  2532.635000   13.432460
# 3847.837000  2523.163000   13.421410
# 3857.308000  2513.692000   13.410360
# 3866.779000  2504.221000   13.399330
# 3876.250000  2494.750000   13.388310
# 3885.721000  2485.279000   13.377310
# 3895.192000  2475.808000   13.366310
# 3904.663000  2466.337000   13.355330
# 3914.135000  2456.865000   13.344360
# 3923.606000  2447.394000   13.333400
# 3933.077000  2437.923000   13.322450
# 3942.548000  2428.452000   13.311510
# 3952.019000  2418.981000   13.300580
# 3961.490000  2409.510000   13.289660
# 3970.962000  2400.038000   13.278740
# 3980.433000  2390.567000   13.267840
# 3989.904000  2381.096000   13.256930
# 3999.375000  2371.625000   13.246040
# 4008.846000  2362.154000   13.235150
# 4018.317000  2352.683000   13.224270
# 4027.788000  2343.212000   13.213390
# 4037.260000  2333.740000   13.202510
# 4046.731000  2324.269000   13.191640
# 4056.202000  2314.798000   13.180780
# 4065.673000  2305.327000   13.169910
# 4075.144000  2295.856000   13.159050
# 4084.615000  2286.385000   13.148190
# 4094.087000  2276.913000   13.137330
# 4103.558000  2267.442000   13.126470
# 4113.029000  2257.971000   13.115610
# 4122.500000  2248.500000   13.104750
# 4131.971000  2239.029000   13.093890
# 4141.442000  2229.558000   13.083020
# 4150.913000  2220.087000   13.072160
# 4160.385000  2210.615000   13.061290
# 4169.856000  2201.144000   13.050420
# 4179.327000  2191.673000   13.039550
# 4188.798000  2182.202000   13.028670
# 4198.269000  2172.731000   13.017780
# 4207.740000  2163.260000   13.006900
# 4217.212000  2153.788000   12.996000
# 4226.683000  2144.317000   12.985100
# 4236.154000  2134.846000   12.974190
# 4245.625000  2125.375000   12.963280
# 4255.096000  2115.904000   12.952360
# 4264.567000  2106.433000   12.941420
# 4274.038000  2096.962000   12.930480
# 4283.510000  2087.490000   12.919540
# 4292.981000  2078.019000   12.908580
# 4302.452000  2068.548000   12.897610
# 4311.923000  2059.077000   12.886630
# 4321.394000  2049.606000   12.875630
# 4330.865000  2040.135000   12.864630
# the above model values are the same as STW105
# 451:480
 4340.337000  2030.663000   12.853610   6.946990
 4349.808000  2021.192000   12.842580   6.942660
 4359.279000  2011.721000   12.831540   6.938310
 4368.750000  2002.250000   12.820480   6.933970
 4378.221000  1992.779000   12.809410   6.929610
 4387.692000  1983.308000   12.798320   6.925250
 4397.163000  1973.837000   12.787220   6.920880
 4406.635000  1964.365000   12.776100   6.916500
 4416.106000  1954.894000   12.764960   6.912110
 4425.577000  1945.423000   12.753810   6.907720
 4435.048000  1935.952000   12.742630   6.903320
 4444.519000  1926.481000   12.731440   6.898910
 4453.990000  1917.010000   12.720240   6.894490
 4463.462000  1907.538000   12.709010   6.890060
 4472.933000  1898.067000   12.697760   6.885620
 4482.404000  1888.596000   12.686490   6.881170
 4491.875000  1879.125000   12.675200   6.876720
 4501.346000  1869.654000   12.663890   6.872250
 4510.817000  1860.183000   12.652560   6.867780
 4520.288000  1850.712000   12.641200   6.863290
 4529.760000  1841.240000   12.629820   6.858800
 4539.231000  1831.769000   12.618420   6.854290
 4548.702000  1822.298000   12.606990   6.849780
 4558.173000  1812.827000   12.595540   6.845250
 4567.644000  1803.356000   12.584060   6.840710
 4577.115000  1793.885000   12.572560   6.836160
 4586.587000  1784.413000   12.561030   6.831600
 4596.058000  1774.942000   12.549480   6.827030
 4605.529000  1765.471000   12.537890   6.822450
 4615.000000  1756.000000   12.526280   6.817850
#481:510
 4624.471000  1746.529000   12.514640   6.813250
 4633.942000  1737.058000   12.502980   6.808630
 4643.413000  1727.587000   12.491280   6.804000
 4652.885000  1718.115000   12.479550   6.799350
 4662.356000  1708.644000   12.467790   6.794700
 4671.827000  1699.173000   12.456010   6.790030
 4681.298000  1689.702000   12.444190   6.785340
 4690.769000  1680.231000   12.432330   6.780650
 4700.240000  1670.760000   12.420450   6.775940
 4709.712000  1661.288000   12.408530   6.771220
 4719.183000  1651.817000   12.396580   6.766480
 4728.654000  1642.346000   12.384600   6.761730
 4738.125000  1632.875000   12.372580   6.756970
 4747.596000  1623.404000   12.360520   6.752190
 4757.067000  1613.933000   12.348430   6.747400
 4766.538000  1604.462000   12.336300   6.742590
 4776.010000  1594.990000   12.324140   6.737760
 4785.481000  1585.519000   12.311940   6.732930
 4794.952000  1576.048000   12.299700   6.728070
 4804.423000  1566.577000   12.287420   6.723210
 4813.894000  1557.106000   12.275110   6.718320
 4823.365000  1547.635000   12.262750   6.713420
 4832.837000  1538.163000   12.250350   6.708509
 4842.308000  1528.692000   12.237920   6.703570
 4851.779000  1519.221000   12.225440   6.698620
 4861.250000  1509.750000   12.212920   6.693660
 4870.721000  1500.279000   12.200360   6.688680
 4880.192000  1490.808000   12.187760   6.683680
 4889.663000  1481.337000   12.175110   6.678660
 4899.135000  1471.865000   12.162430   6.673630
#511:540
 4908.606000  1462.394000   12.149690   6.668580
 4918.077000  1452.923000   12.136910   6.663510
 4927.548000  1443.452000   12.124090   6.658430
 4937.019000  1433.981000   12.111220   6.653320
 4946.490000  1424.510000   12.098310   6.648200
 4955.962000  1415.038000   12.085340   6.643060
 4965.433000  1405.567000   12.072340   6.637900
 4974.904000  1396.096000   12.059280   6.632729
 4984.375000  1386.625000   12.046170   6.627530
 4993.846000  1377.154000   12.033020   6.622310
 5003.317000  1367.683000   12.019820   6.617080
 5012.788000  1358.212000   12.006560   6.611820
 5022.260000  1348.740000   11.993260   6.606550
 5031.731000  1339.269000   11.979900   6.601260
 5041.202000  1329.798000   11.966500   6.595940
 5050.673000  1320.327000   11.953040   6.590604
 5060.144000  1310.856000   11.939530   6.584914
 5069.615000  1301.385000   11.925970   6.579510
 5079.087000  1291.913000   11.912350   6.574110
 5088.558000  1282.442000   11.898690   6.568670
 5098.029000  1272.971000   11.884960   6.563220
 5107.500000  1263.500000   11.871190   6.557740
 5116.971000  1254.029000   11.857370   6.552240
 5126.442000  1244.558000   11.843480   6.546730
 5135.913000  1235.087000   11.829550   6.541190
 5145.385000  1225.615000   11.815570   6.535630
 5154.856000  1216.144000   11.801530   6.530050
 5164.327000  1206.673000   11.787440   6.524440
 5173.798000  1197.202000   11.773300   6.518820
 5183.269000  1187.731000   11.759100   6.513170
#541:570
 5192.740000  1178.260000   11.744850   6.507500
 5202.212000  1168.788000   11.730550   6.501800
 5211.683000  1159.317000   11.716180   6.496090
 5221.154000  1149.846000   11.701780   6.490350
 5230.625000  1140.375000   11.687310   6.484590
 5240.096000  1130.904000   11.672800   6.478800
 5249.567000  1121.433000   11.658230   6.472990
 5259.038000  1111.962000   11.643600   6.467160
 5268.510000  1102.490000   11.628920   6.461300
 5277.981000  1093.019000   11.614190   6.455420
 5287.452000  1083.548000   11.599400   6.449510
 5296.923000  1074.077000   11.584570   6.443580
 5306.394000  1064.606000   11.569680   6.437630
 5315.865000  1055.135000   11.554720   6.431650
 5325.337000  1045.663000   11.539720   6.425649
 5334.808000  1036.192000   11.524670   6.419610
 5344.279000  1026.721000   11.509560   6.413560
 5353.750000  1017.250000   11.494390   6.407480
 5363.221000  1007.779000   11.479170   6.401370
 5372.692000  998.308000   11.463890    6.395250
 5382.163000  988.837000   11.448550    6.389090
 5391.635000  979.365000   11.433170    6.382910
 5401.106000  969.894000   11.417730    6.376699
 5410.577000  960.423000   11.402230    6.370460
 5420.048000  950.952000   11.386680    6.364200
 5429.519000  941.481000   11.371070    6.357910
 5438.990000  932.010000   11.355410    6.351590
 5448.462000  922.538000   11.339690    6.345250
 5457.933000  913.067000   11.323910    6.338880
 5467.404000  903.596000   11.308090    6.332489
#571:600
 5476.875000  894.125000   11.292200    6.326050
 5486.346000  884.654000   11.276250    6.319600
 5495.817000  875.183000   11.260250    6.313130
 5505.288000  865.712000   11.244190    6.306620
 5514.760000  856.240000   11.228080    6.300080
 5524.231000  846.769000   11.211900    6.293519
 5533.702000  837.298000   11.195670    6.286920
 5543.173000  827.827000   11.179380    6.280290
 5552.644000  818.356000   11.163040    6.273640
 5562.115000  808.885000   11.146630    6.266960
 5571.587000  799.413000   11.130180    6.260250
 5581.058000  789.942000   11.113670    6.253510
 5590.529000  780.471000   11.097110    6.246750
 5600.000000  771.000000   11.080510    6.239946
 5600.000100  770.999900   11.080510    6.239946
 5607.562000  763.438000   11.063010    6.232882
 5615.125000  755.875000   11.045220    6.215100
 5622.688000  748.312000   11.026820    6.197317
 5630.250000  740.750000   11.008470    6.179537
 5637.812000  733.188000   10.989040    6.161757
 5645.375000  725.625000   10.969630    6.143974
 5652.938000  718.062000   10.948760    6.126192
 5660.500000  710.500000   10.928020    6.108411
 5668.062000  702.938000   10.907420    6.090631
 5675.625000  695.375000   10.886940    6.072849
 5683.188000  687.812000   10.866600    6.055066
 5690.750000  680.250000   10.846410    6.037286
 5698.312000  672.688000   10.826350    6.019506
 5705.875000  665.125000   10.806420    6.001723
 5713.438000  657.562000   10.786610    5.983941
#601:630
 5721.000000  650.000000   10.766900    5.966161
 5721.000100  649.999900   10.353795    5.575489
 5724.572000  646.428000   10.338228    5.568414
 5728.143000  642.857000   10.322665    5.561341
 5731.714000  639.286000   10.307102    5.554267
 5735.286000  635.714000   10.291535    5.547192
 5738.857000  632.143000   10.275972    5.540119
 5742.428000  628.572000   10.260409    5.533046
 5746.000000  625.000000   10.244842    5.525971
 5749.572000  621.428000   10.229275    5.518896
 5753.143000  617.857000   10.213712    5.511822
 5756.714000  614.286000   10.198149    5.504749
 5760.286000  610.714000   10.182582    5.497674
 5763.857000  607.143000   10.167019    5.490601
 5767.428000  603.572000   10.151456    5.483528
 5771.000000  600.000000   10.135889    5.476453
 5771.000100  599.999900   10.135888    5.476452
 5777.334000  593.666000   10.108284    5.463907
 5783.666000  587.334000   10.080689    5.451365
 5790.000000  581.000000   10.053084    5.438819
 5796.334000  574.666000   10.025480    5.426273
 5802.666000  568.334000    9.997884    5.413731
 5809.000000  562.000000    9.970280    5.401185
 5815.334000  555.666000    9.942675    5.388639
 5821.666000  549.334000    9.915080    5.376097
 5828.000000  543.000000    9.887475    5.363551
 5834.334000  536.666000    9.859871    5.351006
 5840.666000  530.334000    9.832275    5.338464
 5847.000000  524.000000    9.804671    5.325918
 5853.334000  517.666000    9.777066    5.313372
#631:660
 5859.666000  511.334000    9.749471    5.300830
 5866.000000  505.000000    9.721866    5.288284
 5872.334000  498.666000    9.694262    5.275738
 5878.666000  492.334000    9.666666    5.263196
 5885.000000  486.000000    9.639062    5.250650
 5891.334000  479.666000    9.611458    5.238104
 5897.666000  473.334000    9.583862    5.225562
 5904.000000  467.000000    9.556258    5.213017
 5910.334000  460.666000    9.528653    5.200471
 5916.666000  454.334000    9.501057    5.187929
 5923.000000  448.000000    9.473453    5.175383
 5929.334000  441.666000    9.445849    5.162837
 5935.666000  435.334000    9.418253    5.150295
 5942.000000  429.000000    9.390649    5.137749
 5948.334000  422.666000    9.363044    5.125203
 5954.666000  416.334000    9.335449    5.112661
 5961.000000  410.000000    9.307844    5.100115
 5961.000100  409.999900    9.018734    4.829241
 5967.334000  403.666000    8.995529    4.820575
 5973.666000  397.334000    8.972331    4.811912
 5980.000000  391.000000    8.949126    4.803246
 5986.334000  384.666000    8.925921    4.794580
 5992.666000  378.334000    8.902723    4.785917
 5999.000000  372.000000    8.879518    4.777251
 6005.334000  365.666000    8.856313    4.768585
 6011.666000  359.334000    8.833115    4.759922
 6018.000000  353.000000    8.809910    4.751256
 6024.334000  346.666000    8.786705    4.742590
 6030.666000  340.334000    8.763507    4.733927
 6037.000000  334.000000    8.740302    4.725261
#661:690
 6043.334000  327.666000    8.717096    4.716595
 6049.666000  321.334000    8.693899    4.707932
 6056.000000  315.000000    8.670694    4.699266
 6062.334000  308.666000    8.647488    4.690600
 6068.666000  302.334000    8.624291    4.681937
 6075.000000  296.000000    8.601085    4.673271
 6081.334000  289.666000    8.577880    4.664605
 6087.666000  283.334000    8.554682    4.655942
 6094.000000  277.000000    8.531477    4.647276
 6100.334000  270.666000    8.508272    4.638610
 6106.666000  264.334000    8.485074    4.629947
 6113.000000  258.000000    8.461869    4.621281
 6119.334000  251.666000    8.438664    4.612615
 6125.666000  245.334000    8.415466    4.603952
 6132.000000  239.000000    8.392261    4.595286
 6138.334000  232.666000    8.369056    4.586620
 6144.666000  226.334000    8.345858    4.577956
 6151.000000  220.000000    8.322653    4.569291
 6151.000100  219.999900    8.322653    4.569290
 6157.087000  213.913000    8.300353    4.560963
 6163.174000  207.826000    8.278053    4.552635
 6169.261000  201.739000    8.255752    4.544307
 6175.348000  195.652000    8.233452    4.535979
 6181.435000  189.565000    8.211152    4.527651
 6187.522000  183.478000    8.188852    4.519323
 6193.609000  177.391000    8.166551    4.510995
 6199.696000  171.304000    8.144251    4.502667
 6205.783000  165.217000    8.121951    4.494339
 6211.870000  159.130000    8.099651    4.486011
 6217.957000  153.043000    8.077350    4.477683
#691:720
 6224.043000  146.957000    8.055054    4.469356
 6230.130000  140.870000    8.032754    4.461028
 6236.217000  134.783000    8.010453    4.460000
 6242.304000  128.696000    8.000000    4.460000
 6248.391000  122.609000    8.000000    4.460000
 6254.478000  116.522000    8.000000    4.460000
 6260.565000  110.435000    8.000000    4.460000
 6266.652000  104.348000    8.000000    4.460000
 6272.739000   98.261000    8.000000    4.460000
 6278.826000   92.174000    8.000000    4.460000
 6284.913000   86.087000    8.000000    4.460000
 6291.000000   80.000000    8.000000    4.460000
 6291.000100   79.999900    8.000000    4.460000
 6294.971000   76.029000    8.000000    4.460000
 6298.943000   72.057000    8.000000    4.460000
 6302.914000   68.086000    8.000000    4.460000
 6306.886000   64.114000    8.000000    4.460000
 6310.857000   60.143000    8.000000    4.460000
 6314.829000   56.171000    8.000000    4.460000
 6318.800000   52.200000    8.000000    4.460000
 6322.771000   48.229000    8.000000    4.460000
 6326.743000   44.257000    8.000000    4.460000
 6330.714000   40.286000    8.000000    4.460000
 6334.686000   36.314000    8.000000    4.460000
 6338.657000   32.343000    8.000000    4.460000
 6342.629000   28.371000    8.000000    4.460000
 6346.600000   24.400000    8.000000    4.460000
 6346.600100   24.399900    8.000000    4.460000
 6347.540000   23.460000    8.000000    4.460000
 6348.480000   22.520000    8.000000    4.460000
#721:750
 6349.420000   21.580000    8.000000    4.460000
 6350.360000   20.640000    8.000000    4.460000
 6351.300000   19.700000    8.000000    4.460000
 6352.240000   18.760000    8.000000    4.460000
 6353.180000   17.820000    8.000000    4.460000
 6354.120000   16.880000    8.000000    4.460000
 6355.060000   15.940000    8.000000    4.460000
 6356.000000   15.000000    8.000000    4.460000
 6356.000100   14.999900    8.000000    4.460000
 6357.200000   13.800000    8.000000    4.460000
 6358.400000   12.600000    8.000000    4.460000
 6359.600000   11.400000    8.000000    4.460000
 6360.800000   10.200000    8.000000    4.460000
 6362.000000    9.000000    8.000000    4.460000
 6363.200000    7.800000    8.000000    4.460000
 6364.400000    6.600000    8.000000    4.460000
 6365.600000    5.400000    8.000000    4.460000
 6366.800000    4.200000    8.000000    4.460000
 6368.000000    3.000000    8.000000    4.460000
 6368.000100    2.999900    8.000000    4.460000
 6368.300000    2.700000    8.000000    4.460000
 6368.600000    2.400000    8.000000    4.460000
 6368.900000    2.100000    8.000000    4.460000
 6369.200000    1.800000    8.000000    4.460000
 6369.500000    1.500000    8.000000    4.460000
 6369.800000    1.200000    8.000000    4.460000
 6370.100000    0.900000    8.000000    4.460000
 6370.400000    0.600000    8.000000    4.460000
 6370.700000    0.300000    8.000000    4.460000
 6371.000000    0.000000    8.000000    4.460000
